1.0728468451643698
1.0724441938051297
1.0728807334995276
1.0728633476688245
1.0728917013037083
1.0728323130310014
1.0728350013985368
1.0719031478463663
1.0690782707530699
1.0728350013985368
1.072901664211485
1.0728875089625627
0.7762120180250438
1.0728350013985368
1.0728647766522936
1.0728875089625627
1.0726409779907375
1.0738750965360833
1.0604666685439537
1.0728826607651551
1.0738750965360833
1.0738750965360833
1.0738750965360833
1.0726409779907375
1.0728840792708125
1.0728484931890643
1.0426077604523705
1.0728826607651551
1.0726409779907375
1.072256270726732
1.0719228455419085
1.0719228455419085
1.072256270726732
1.0738750974837121
1.0726409779907375
1.0719992349918679
1.0727230913506116
1.0719228455419085
1.0719367635106665
1.0738751490787881
1.0738751490787881
1.0738751490787881
1.0723782528329939
1.0738751490787881
1.0738752102931226
1.0728633476688245
1.0724950439729459
1.0724093759519149
1.0728862838518993
1.0728639999582326
1.0728639999582326
1.0728549174002109
1.0728633476688245
1.0728857352435393
1.0728663844782103
1.0728917013037083
1.0728917013037083
1.0728633476688245
1.0738748895624521
1.0728468451643698
1.072857733051813
1.0724093759519149
1.0728375902672644
1.0728671383993529
1.0738583333967473
1.0728948933005447
1.0728452204933414
1.0728452204933414
1.0728532079144606
1.0728532079144606
1.0728840792708125
1.0728917013037083
1.0728375902672644
1.0728444319558903
1.0727685785398355
1.0728270492224383
1.0738752102931226
1.0738752102931226
1.072256270726732
1.0719203364772363
1.0719010011110273
1.0719010011110273
1.0728270492224383
1.0728270492224383
1.0728862838518993
1.0166361356742659
1.0738752102931226
1.0738752102924236
1.07192155428311
1.0719214067458347
1.0728464776549536
1.0728948933005447
1.07192155428311
1.07192155428311
1.0728863868469243
1.0728863868469243
1.0728269439691225
1.0728430612231377
1.07285564783916
1.07285564783916
0.77646344856783955
1.0719031478463663
0.77696881521156735
1.0728464776549538
1.0728948933005447
1.0719031478463663
1.0166405907633991
1.0738751501996615
1.0719025058470855
1.0728716580315449
1.0728863868469243
1.0728857352435393
1.0738753620129398
1.0738753620129398
1.0728671383993529
1.0728671383993529
1.0738753620129398
1.0738670629967242
1.0738753624442534
1.0738753624442534
1.0728698636171243
1.0728698636171243
1.0738753624442534
1.0738755475745576
1.0738755475745576
1.0738755475745576
1.0728698636171243
1.0719141342961722
1.0507321979477857
1.0719149087754658
1.0738755475745576
1.0738755476289867
1.0738757458490453
1.0738757458490453
1.0719041108453062
1.0719041108453062
1.0728948933005447
1.0728922557654517
1.0719041108453062
1.0719041108453062
1.0728917013037083
1.0161822613995037
1.0728647766522936
1.072256270726732
1.0724161935640688
1.0738751490787881
1.0738751490787881
1.0738750965360833
1.0738750965360833
1.0738753620129398
1.0738753620129398
1.0738757458361381
1.0738757458361381
1.0728865648801742
1.0643391721734126
1.0728865648801742
1.0728715876831656
1.0728715876831656
1.0728538091135993
1.0728588536449659
1.0728452204933414
1.0728407545242826
1.0719187093343614
1.0719187093343614
1.072306013853018
1.0724950439729459
1.0719041108453062
0.77676227579996704
1.0719031478463663
1.0728532026056345
1.0728532026056345
1.0724093759519149
1.0156493095412746
1.0724093759519149
1.0728464776549538
1.0728430612231377
1.0734832596665786
1.0117228886922189
1.0728570186371464
1.0728570186371464
1.0728922557654517
1.0728674140222199
1.0728660905866205
1.0728660905866205
1.0728588536449659
1.0728840792708125
1.0728895849913573
1.0728895849913573
1.0726215126706655
1.0719253980159271
1.0719253980159271
1.0719162686200332
1.072857733051813
1.0728674140222199
1.073875096536083
1.0728674140222199
1.0728389316594749
1.016648720585297
1.0728269439691225
1.0728269439691225
1.0728532079144606
1.0728523875571288
1.0728532079144606
1.0728647766522836
1.0719214067458347
1.0719208165967569
1.0719208165967569
1.0724093759519149
1.0724093759519149
1.0728532079144606
1.0728532079144606
1.0728532079144606
1.0728862838518993
1.0721064943633631
1.0728802928334014
1.0728802928334014
1.0728875089625627
1.0728875089625627
1.0728270492224383
1.0728594982837956
1.0728389316594749
1.0728269439691225
1.0728269439691225
1.0728515168162165
1.0728515168162165
1.0728572186991621
1.0728457997891043
1.0728457997891043
1.0728484931890645
1.008967925337735
0.7771318065121271
1.0728419029276866
1.0728555209073494
1.0728588536449659
1.072852185556183
1.072852185556183
1.0690774737047832
1.0728549174002109
1.0728647766522936
1.0728594982838149
1.0738771291316096
1.0164435199982995
1.0728865648801742
1.0720657307873223
1.0728674140222199
1.0738757458490453
1.0738757458490453
1.0738757458361381
1.0738769455820525
1.0738769455820525
1.0738751490787881
1.0738751490772385
1.0738752102924236
1.0738753624442534
1.0738753624442534
1.0738750965360833
1.0738750974837121
1.0719215542831098
1.0738750974837121
1.0738752102924236
1.0738752102924236
1.0728715876831656
1.072864774757047
1.0738755475745576
1.0728674140222199
1.0728674140222199
1.0728389361303055
1.0728350013985368
1.0728647765194923
1.0738769455820525
1.0738769455820525
1.0738856058870938
1.0738856058870938
1.0728877339791207
1.0728628169137355
1.0719162686200332
1.0719149087754658
1.0727787466398957
0.77617781202646696
1.068698302994155
1.0719031478463663
1.0728570186371464
1.0724093759519149
1.0728350013985368
1.0728594982838149
1.0738750965360833
1.0738750965360833
1.0127920136202657
1.0738750974837121
1.072306013853018
1.0723782528329939
1.0724950439729459
1.0724950439729459
1.0728389361303055
1.0728419029276866
1.0728448512634092
1.0728555209073494
1.0728555209073494
1.0728555209073494
1.0738750974837121
1.0728628169137355
1.0728523875575973
1.0728430612231377
1.0506992678568086
1.0728430612231377
1.0728269439691225
1.0727230913506116
1.072863749659418
1.072863749659418
1.0719330573862147
1.0719253980159271
1.0702583653243425
1.073871573800248
1.0719253980159271
1.072857733051813
1.0728717555451988
1.0728269439691225
1.0719367635106665
1.0719367635106665
1.0728525817385897
1.0728525817385897
1.0724950439729459
1.0728419029276866
1.0728660905866205
1.0724161935640688
1.0728862838518993
1.0728588536449659
1.0728588536449659
1.0728862838518993
1.0728862838518993
1.0728807334995276
1.072857733051813
1.0728640226505841
1.0728917013037083
1.0728264060422457
1.0719214067458347
1.0719214067458347
1.0728594982838149
1.0728826607651551
1.0724161935640688
1.0728264060422457
1.0728532026056345
1.072901664211485
1.0719214067458347
1.0724161935640688
1.0738752102931226
1.0728588536449659
1.0718941271850924
1.0724093759519149
1.0738752102931226
1.0738750974837121
1.0738750974837121
1.0738753620129398
1.0738757458361381
1.0738757458361381
1.0738856058870938
1.0728716580315449
1.0728665955415893
1.0719208165967569
1.0719208165967569
1.0719031478463663
1.0728588536449659
1.0728588536449659
1.0728419029276866
1.0728572186991621
1.0719218526460197
1.0719149087754658
1.0506949317761636
1.0601103240654453
1.0719367635106665
1.0719214067458347
1.0719031478463663
1.0728698636171243
1.073863482606696
1.0728665955415893
1.0728261642323926
1.0725944381102026
1.0725944381102026
1.0724759457280719
1.0719367635106665
1.0719330573862147
1.0719330573862147
1.0724759457280719
1.0728484931890645
1.0728484931890645
1.0719214067458347
1.0728917013037083
1.0728917013037083
1.0719266818291702
1.0719266818291702
1.0719266818291702
1.0724161935640688
1.0728802928334014
1.0728667817585333
1.0728667817585333
1.0728667817585333
1.0719305071633991
1.0738757458490453
1.0738757458361381
1.0728269439691225
1.0506949317761796
1.0728715876831656
1.0728716580315449
1.0719305071633991
1.0719266818291702
1.0719266818291702
1.0719266818291702
1.0728716580315449
1.0728588536449659
1.07285564783916
1.0719223416828152
1.0728486872817316
0.93685699097650599
1.068545091693589
1.0728486872817316
1.0721654991398732
1.0721654991398732
1.0725944381102026
1.0728588536449881
1.0728588536449881
1.0428752308499627
1.0728568172538195
1.0728319463688027
1.0728568172538195
1.064157946731648
1.0734832596665786
1.0719953325600764
0.93685968165323597
1.0734832596665786
1.0734832596665786
1.0719187093343612
1.0728389361303055
1.0728389361303055
1.0728857352435393
1.0660166868748937
1.0728807334995276
1.0728807334994415
1.0728532026056345
1.0728583623762886
1.072863749659418
1.072863749659418
1.0728264060422457
1.0728452204933414
1.072901664211485
1.072901664211485
1.072901664211485
1.0728570186371464
1.0728719042119927
1.0728647766311479
1.0507231114994879
1.0738670629967242
1.07285279159542
1.07285279159542
1.0728525817385897
1.0727517074285
1.0727517074285
1.0727517074285
1.0719218526460197
1.0719253980159271
1.0621046061181698
1.0719253980159271
1.0728891404602674
1.0728895849913573
1.0728857352435393
1.0724161935640688
1.0728715876831656
1.0719041108452847
1.0719253980159271
1.0719253980159271
1.0719953325608187
1.0719253980159271
1.0728666903080157
1.0728523875578855
1.0728523875578855
1.0719233734004696
1.0719352810608942
1.0719367635106665
1.0738769455820525
1.0726644790407058
1.0738769455820525
1.0738769455820525
1.0728664402140264
1.0728664402140264
1.0671513096188969
1.0728633476688245
1.0719330573862147
1.0719330573862147
1.0719266818291702
1.0726568927443327
1.0719367635106665
1.0719367635106665
1.0719367635106665
1.0720845973108355
1.0728857352435393
1.063695407618209
1.0728857352435393
1.0728865648801742
1.0506994594432986
1.0738771291316096
1.0738771291316096
1.0738856058870938
1.072901664211485
1.0719025058470855
1.0719025058470855
1.0728857352435393
1.0728863868469243
1.0728813484609623
1.072306013853018
1.0728633476688245
1.0719253980159271
1.0719162686200332
1.0728523875578855
1.0719162686200332
1.0719233734004696
1.0728640226505841
1.0728389361303055
1.0738856058870938
1.0719233734004696
1.0719228455419085
1.0719228455419085
1.0728264060422457
1.0728264060422457
1.0728666903080157
1.0738856058870938
1.0738856058870938
1.0728712696314964
1.0728826607651551
1.0728716580315449
1.0728716580315449
1.0641181602339527
1.0728716580315449
1.0728716580315449
1.0728665955415893
1.07285279159542
1.07285279159542
1.07285279159542
1.07286521743306
1.07286521743306
1.0719953325605456
1.0728665955415893
1.0728665955415893
1.0728665955415893
1.0719025058470855
1.0347768596739939
1.07286521743306
1.07286521743306
1.0728588536449881
1.0728865648801742
1.0728865648801742
1.0728865648801742
1.07285564783916
1.07285564783916
1.0728556475298217
1.0734832596665786
1.0734832596665786
0.99456094582459242
1.0734832596665786
1.0728640226505841
1.0728640226505841
1.0728667817585333
1.0728671383993529
1.0728671383993529
1.0738672665589544
1.0728671383993529
1.0734832596665786
1.0724759457280719
1.0724759457280719
1.0728671383993529
1.0728665955415893
1.072863749659418
1.072863749659418
1.072863749659418
1.07286521743306
1.0719025058470855
1.0719214067458347
1.0719214067458347
1.0728532026056345
1.0728538091135993
1.0728538091135993
1.0728538091135993
1.072300138207368
1.072300138207368
1.072300138207368
1.072300138207368
0.77026355510514888
0.77026355510514888
1.072300138207368
1.072300138207368
1.072300138207368
1.072300138207368
1.0728572186991621
1.0728570578555121
1.0728570578555121
1.0728570578555121
1.0728588536449659
1.0728448789121205
1.0728588536449881
1.0719203364772363
1.0719203364772363
1.0719203364772363
1.0728570186371487
1.0719953325608345
1.0723782528329939
-0.92711970716659853
-0.92711041500864277
-0.92774372927326798
-0.92757008444746902
-0.9275838064359313
-0.92740556188979728
-0.92740556188979728
-0.92714294214448789
-0.92714619088640071
-0.92714619088640071
-0.92731193417574631
-0.92715150681093561
-0.92715150681093561
-0.92715150681093561
-0.92715809707231345
-0.9271547795066587
-0.92714679739436556
-0.92714679739436556
-0.92714679739436556
-0.92714114635501177
-0.92612445242544239
-0.92750495602705407
-0.92612445242544239
-0.92612425415095467
-0.92612425415095467
-0.92612485092121188
-0.92612485092121188
-0.92612485092121188
-0.92612485092276153
-0.92714761244211463
-0.92713330969198426
-0.92713718308626447
-0.92713718308626447
-0.92710774423454834
-0.92711041500864277
-0.92711733923484485
-0.92391109938783367
-0.92713258597778003
-0.92713013638287567
-0.92713286160064701
-0.92713258597778003
-0.92710829869629163
-0.92711970716659853
-0.92711970716659853
-0.9271108595397326
-0.92711041500864277
-0.92714226694818702
-0.92713600004176744
-0.92714508259978901
-0.92714508259978901
-0.92714508259978901
-0.92807662659953039
-0.92806471893910569
-0.92806694261378531
-0.92806694261378531
-0.92806694261378531
-0.92712834196845495
-0.92712873036850363
-0.92712873036850363
-0.92714318274618046
-0.92807844571688991
-0.9280837313799668
-0.9280837313799668
-0.92807918340324314
-0.92807918340324314
-0.92809749415291454
-0.92808586570382778
-0.92807918340324314
-0.92808586570382778
-0.92809588915469377
-0.92714318274618046
-0.92714300504590563
-0.92714318274618046
-0.92714278130083794
-0.92713718308626447
-0.92711970716659853
-0.92809749415291454
-0.92809749415291454
-0.92735902200926257
-0.9272769086493885
-0.9272769086493885
-0.9272769086493885
-0.9272769086493885
-0.9272769086493885
-0.92731193417574631
-0.92731193417574631
-0.92731193417574631
-0.92731193417574631
-0.92713013638287567
-0.92810587281490764
-0.92716106386969455
-0.92715924547571738
-0.92715924547571738
-0.92715924547571738
-0.92800466743916554
-0.92800466743916554
-0.92769398614698195
-0.92711970716659853
-0.92711970716659853
-0.92711926650047238
-0.92711361315307572
-0.92711361315307572
-0.92711361315307572
-0.9271547795066587
-0.9271547795066587
-0.9271547795066587
-0.92715924547571738
-0.92757008444746902
-0.92757008444746902
-0.92757008444746902
-0.92724829257149999
-0.92710510669945523
-0.92710510669945523
-0.92710510669945523
-0.92714226694818702
-0.92714226694818702
-0.92714226694818702
-0.92612490251628787
-0.92612490251628787
-0.92612485092276153
-0.92612485092276153
-0.92612485092276153
-0.92612485092276153
-0.92612478970687728
-0.92612478970757639
-0.92612463798706013
-0.92724829257084485
-0.92612463798706013
-0.92612445242544239
-0.92612445237101315
-0.92612445237101315
-0.92612445237101315
-0.92707637200914417
-0.92612445237101315
-0.9261228708683904
-0.9261228708683904
-0.92711733923484485
-0.92711733923484485
-0.92711733923484485
-0.92712873036850363
-0.92713013638287567
-0.92713013638287567
-0.92713013638287567
-0.92713013638287567
-0.92713478256693993
-0.92713478256693993
-0.92714300504590563
-0.92714300504590563
-0.92714300504590563
-0.92714679208553952
-0.92714318274618046
-0.92714318274618046
-0.92714318274618046
-0.92714114635501177
-0.92714050171618512
-0.92390813421236551
-0.92713600004176744
-0.92715150681093561
-0.927147814443817
-0.92713665233117548
-0.92715809707231345
-0.92715131271826845
-0.92715131271826845
-0.92715131271826845
-0.92717305603087752
-0.92713330969198426
-0.92713330969198426
-0.92712486026535756
-0.92713718308626447
-0.92713718308626447
-0.92713718308626447
-0.92714298136285345
-0.92711361315307572
-0.92711361315307572
-0.92712809578800726
-0.92712809578800726
-0.92710774423454834
-0.92710774423454834
-0.92711592072918747
-0.927135977349416
-0.927135977349416
-0.92714741826141045
-0.92714741826141045
-0.92715352234504611
-0.92715352234504611
-0.927135977349416
-0.92713355978597367
-0.92713355978597367
-0.92713355978597367
-0.9271284123168344
-0.92712873036850363
-0.9280812906656386
-0.9280812906656386
-0.9280837313799668
-0.9280837313799668
-0.92808509122453409
-0.9280837313799668
-0.92807662659953039
-0.92807662659953039
-0.92807662659953039
-0.92806694261378531
-0.92810587281490764
-0.92810587281490764
-0.92810587281490764
-0.9271284123168344
-0.92714679739371086
-0.9271284123168344
-0.92809588915469377
-0.92809588915469377
-0.92809588915469377
-0.92808509122453409
-0.92808509122453409
-0.9280694928366009
-0.9280694928366009
-0.92807331817082983
-0.92713522334770637
-0.92713522334770637
-0.92735902200926257
-0.92735902200926257
-0.92727877522972246
-0.92807331817082983
-0.92807331817082983
-0.92807765831718481
-0.92807765831718481
-0.92809749415291454
-0.92809899888897274
-0.92809899888897274
-0.92714447909265074
-0.92714447909265074
-0.92714447909265074
-0.92714447909265074
-0.92709939457021306
-0.92711343511982569
-0.92715315483563021
-0.92714435247017835
-0.92714435247017835
-0.92715315483563021
-0.92714435247017835
-0.92775490782118342
-0.92775490782118342
-0.92775490782118342
-0.92775490782118342
-0.92612445242544239
-0.92750495602705407
-0.92750495602705407
-0.92740556188979728
-0.92716240973273556
-0.92716240973273556
-0.92612425415095467
-0.92612425415095467
-0.92612425415095467
-0.92612305441794751
-0.92612305441794751
-0.92711343511982569
-0.92711343511982569
-0.9271284123168344
-0.9271284123168344
-0.92712873036850363
-0.92713478256693993
-0.92713390941337948
-0.92713390941337948
-0.92714679208553952
-0.92714679208553952
-0.92711361315307572
-0.92712809578800726
-0.92714720840457998
-0.92714720840457998
-0.92715924547571738
-0.92715809707231345
-0.92715809707231345
-0.92715809707231345
-0.92774372927326798
-0.92769398614698195
-0.92714050171618512
-0.9271443521608399
-0.9271443521608399
-0.9271443521608399
-0.927147814443817
-0.92731193417574631
-0.92731193417574631
-0.92752405427192819
-0.92716240973248598
-0.92714781444381666
-0.927147814443817
-0.927147814443817
-0.927147814443817
-0.927147814443817
-0.92716768696899865
-0.92716768696899865
-0.92716499860146318
-0.92612485092276153
-0.92612478970687728
-0.92612478970687728
-0.92612478970687728
-0.92612478970757639
-0.92612478970757639
-0.92612463798706013
-0.92612463798706013
-0.9261246375557467
-0.9271108595397326
-0.9271108595397326
-0.92807844571688991
-0.92651674033342135
-0.92714508259978901
-0.92714508259978901
-0.92807765831718481
-0.92807765831718481
-0.92807765831718481
-0.92807765831718481
-0.92709939457021306
-0.92752405427192819
-0.92714050171617146
-0.92710774423454834
-0.92808509122453409
-0.92808509122453409
-0.92806471893910569
-0.92807765831718469
-0.9280781473539802
-0.9271547795066587
-0.9271547795066587
-0.92712873036850363
-0.92807918340324314
-0.92807918340324314
-0.92714508259978901
-0.92716499860146318
-0.92716499860146318
-0.92716106386969455
-0.92715924547571738
-0.92714114635501177
-0.9271443521608399
-0.9271443521608399
-0.92713600004176744
-0.92809588915469377
-0.9280958891547153
-0.92809685215363369
-0.92713321824146655
-0.92713321824146655
-0.92806471893910569
-0.92714300504590563
-0.92714300504590563
-0.92714163762371138
-0.92809899888897274
-0.9275838064359313
-0.92757008444746902
-0.92807918340324314
-0.92808586570382778
-0.92714278130083794
-0.92715477563826576
-0.92714278130083794
-0.92714278130083794
-0.92808509122453409
-0.9280781473539802
-0.9280781473539802
-0.9280781473539802
-0.92807662659953039
-0.92807662659953039
-0.92806471893910569
-0.92715924547571738
-0.92715924547571738
-0.9280812906656386
-0.9280812906656386
-0.9280812906656386
-0.92807662659953039
-0.92809899888897274
-0.92809685215363369
-0.92809685215363369
-0.92808586570382778
-0.92808586570382778
-0.9281125672063355
-0.9281125672063355
-0.92757008444746902
-0.92740556188979728
-0.92714720840457998
-0.92714278130083794
-0.92713478256693993
-0.92714294214448789
-0.92713390941337948
-0.92809899888897274
-0.92145047622308163
-0.92810587281490764
-0.92810587281490764
-0.92712873036850363
-0.92711733923484485
-0.92806694261378531
-0.92806323648933353
-0.92806471893910569
-0.92806471893910569
-0.92806471893910569
-0.92713718308626447
-0.92713718308626447
-0.92715693877686234
-0.92714163762371138
-0.92714163762371138
-0.92714163762371138
-0.92714163762371138
-0.92809899888897274
-0.92717305603087752
-0.92775490782118342
-0.92727877522972246
-0.92713340445841075
-0.92713286160064701
-0.92752405427192819
-0.92714300504590563
-0.92711426475646297
-0.92714300504590563
-0.92711592072918747
-0.92711592072918747
-0.92711249103743731
-0.92714294214448789
-0.9272769086493885
-0.92715150294721305
-0.9272769086493885
-0.92716768696899865
-0.92716768696899865
-0.92713665233117548
-0.92727877522972246
-0.92727877522972246
-0.92724829257149999
-0.92731193417574631
-0.92727877522972246
-0.92710774423454834
-0.9280694928366009
-0.9280694928366009
-0.9280694928366009
-0.92757008444746902
-0.92757008444746902
-0.8790410161726131
-0.92714761244211463
-0.92711926650047238
-0.92711926650047238
-0.92713625034058189
-0.92714447909265074
-0.92713286160064701
-0.92709833578851497
-0.92709833578851497
-0.92714848318378351
-0.92713665233117548
-0.92713600004176744
-0.92713600004176744
-0.92715924547571738
-0.92716768696899865
-0.92717359395775434
-0.92752405427192819
-0.92724829257149999
-0.92716499860146318
-0.92716768696899865
-0.92808586570382778
-0.9280781473539802
-0.9271108595397326
-0.9271108595397326
-0.92757008444746902
-0.92783450086012675
-0.92783450086012675
-0.92783450086012675
-0.92717359395775434
-0.92717295077756157
-0.92717295077756157
-0.92807844571688991
-0.92714294214448789
-0.92714114635501177
-0.92713330969198426
-0.92717295077756123
-0.92715693877686234
-0.92714761244211463
-0.92716499860146318
-0.92716240973273556
-0.92769398614696807
-0.92800466743916554
-0.92713321824146655
-0.92713355978597367
-0.92714741826141045
-0.92713355978597367
-0.92714435247017835
-0.92713355978597367
-0.92714294214448789
-0.92807715445809147
-0.92807715445809147
-0.92713321824146655
-0.92713330969198426
-0.92713330969198426
-0.92713330969198426
-0.92714298136285345
-0.92714298136285345
-0.87904819832649495
-0.92713665233117548
-0.92715420021089556
-0.92715420021089556
-0.92715420021089556
-0.92714741826141045
-0.92715352234504611
-0.92716768696899865
-0.92717295077756157
-0.92762174716700607
-0.92783450086012675
-0.92783450086012675
-0.92714720840457998
-0.92714720840457998
-0.92714848318378351
-0.92714848318378351
-0.92714298136285345
-0.92711592072918747
-0.92740556188979728
-0.92710510669945523
-0.92727877522972246
-0.92714435247017835
-0.92714619088640071
-0.92714294214448789
-0.92714294214448789
-0.92714114635501177
-0.92775490782118342
-0.92711371614810067
-0.92711371614810067
-0.92711970716659853
-0.92712809578800726
-0.92711041500864277
-0.92711041500864277
-0.92775490782118342
-0.92775490782118342
-0.92775490782118342
-0.92727877522972246
-0.92727877522972246
-0.92727877522972246
-0.927135977349416
-0.927135977349416
-0.92715352234504611
-0.92783450086012675
-0.92724829257149999
-0.92711249103743731
-0.92711041500864277
-0.92711041500864277
-0.92711926650055854
-0.92715352234504611
-0.92715352234504611
-0.92716240973273556
-0.92711249103743731
-0.92711249103743731
-0.92807765831718481
-0.92807715445809147
-0.92809749415291454
-0.92809899888897274
-0.92710829869629163
-0.9271108595397326
-0.9271108595397326
-0.9271108595397326
-0.92711592072918747
-0.92715420021064621
-0.92711592072918747
-0.92807715445809147
-0.92807715445809147
-0.9280781473539802
-0.92783450086012675
-0.92740556188979728
-0.92740556188979728
-0.9280781473539802
-0.9280781473539802
-0.92810587281490764
-0.92783450086012675
-0.92769398614698195
-0.92769398614698195
-0.92735902200926257
-0.92710510669945523
-0.92716240973273556
-0.92714163762371138
-0.92714298136285345
-0.92715352234504611
-0.92714741826141045
-0.92714741826141045
-0.92714741826141045
-0.92612478970757639
-0.92612478970757639
-0.92612478970757639
-0.92612485092276153
-0.92612485092276153
-0.92612485092276153
-0.9261246375557467
-0.92612445242544239
-0.92612445237101315
-0.92807505089400533
-0.92612445237101315
-0.92612445237101315
-0.9261242541638619
-0.92712824445480124
-0.92713258597778003
-0.92713258597778003
-0.92713390941337948
-0.92713390941337948
-0.92713478256693993
-0.92714435247017835
-0.92715315483563021
-0.9280812906656386
-0.9280812906656386
-0.92715315483563021
-0.91977683732194049
-0.92714435247017835
-0.927147814443817
-0.92714318274618046
-0.92714318274618046
-0.92714114635501177
-0.92808509122453409
-0.92807844571688991
-0.92807844571688991
-0.92712809578800726
-0.92712809578800726
-0.92774372927301807
-0.92808586570382778
-0.92807966352276372
-0.92807966352276372
-0.92758380643568172
-0.92712809578800726
-0.92712809578800726
-0.92715809707231345
-0.92757008444746902
-0.92759062404808501
-0.92713330969198426
-0.92717295077756157
-0.92715693877686234
-0.92713321824146655
-0.92775490782118342
-0.92724829257149999
-0.92711249103743731
-0.92756183406734138
-0.92714848318378351
-0.87849554063786039
-0.92714848318378351
-0.92810587281490764
-0.92714848318378351
-0.92769398614698195
-0.92762174716700607
-0.92807966352276372
-0.9280694928366009
-0.9280694928366009
-0.9280694928366009
-0.92715420021089556
-0.92715420021089556
-0.92808586570382778
-0.92808586570382778
-0.92807966352276372
-0.92713321824146655
-0.92713600004176744
-0.92713600004176744
-0.92711426475646075
-0.92711926650047238
-0.92711926650047238
-0.92717295077756157
-0.92714848318378351
-0.92714848318378351
-0.92714163762371138
-0.92714163762371138
-0.92714435247017835
-0.92714679739436556
-0.92714761244211463
-0.92714435247017835
-0.92713390941337948
-0.92713340445841075
-0.92713340445841075
-0.9261242541638619
-0.9261242541638619
-0.9261242541638619
-0.92715315483563021
-0.92715315483563021
-0.92716240973273556
-0.92715315483563021
-0.87850298164281404
-0.92715131271826845
-0.92711371614810067
-0.9261246375557467
-0.9261246375557467
-0.92612445237101315
-0.92769398614698195
-0.92750495602705407
-0.92750495602705407
-0.92714761244211463
-0.92714050171618512
-0.92774372927326798
-0.92716106386969455
-0.927135977349416
-0.92710774423454834
-0.92715477950665193
-0.92715420021089556
-0.92715420021089556
-0.92715150681093561
-0.92711249103743731
-0.92612305441794751
-0.92711371614810067
-0.92711926650047238
-0.92711926650047238
-0.92759062404808501
-0.92800466743916554
-0.92809899888897274
-0.92807844571688991
-0.9198795536400618
-0.92712834196845495
-0.92713390941337948
-0.92800466743916554
